shape_id,shape_pt_lat,shape_pt_lon,shape_pt_sequence
1244140780008,61.47059,23.88874,1
1244140780008,61.47151,23.88559,2
1244140780008,61.47193,23.88420,3
1244140780008,61.47230,23.88290,4
1244140780008,61.47266,23.88254,5
1244140780008,61.47293,23.88243,6
1244140780008,61.47301,23.88076,7
1244140780008,61.47296,23.88016,8
1244140780008,61.47267,23.87877,9
1244140780008,61.47269,23.87810,10
1244140780008,61.47287,23.87712,11
1244140780008,61.47312,23.87498,12
1244140780008,61.47318,23.87431,13
1244140780008,61.47407,23.86777,14
1244140780008,61.47423,23.86318,15
1244140780008,61.47388,23.86288,16
1244140780008,61.47351,23.86290,17
1244140780008,61.47302,23.86245,18
1244140780008,61.47236,23.86225,19
1244140780008,61.47255,23.85921,20
1244140780008,61.47275,23.85594,21
1244140780008,61.47279,23.85442,22
1244140780008,61.47293,23.85256,23
1244140780008,61.47294,23.85185,24
1244140780008,61.47318,23.85046,25
1244140780008,61.47388,23.84851,26
1244140780008,61.47420,23.84787,27
1244140780008,61.47463,23.84664,28
1244140780008,61.47577,23.84728,29
1244140780008,61.47607,23.84763,30
1244140780008,61.47644,23.84763,31
1244140780008,61.47752,23.84817,32
1244140780008,61.47802,23.84595,33
1244140780008,61.47805,23.84561,34
1244140780008,61.47819,23.84492,35
1244140780008,61.47848,23.84214,36
1244140780008,61.47864,23.84032,37
1244140780008,61.47865,23.83968,38
1244140780008,61.47885,23.83722,39
1244140780008,61.47890,23.83636,40
1244140780008,61.47894,23.83516,41
1244140780008,61.47897,23.83375,42
1244140780008,61.47902,23.83266,43
1244140780008,61.47899,23.83195,44
1244140780008,61.47920,23.82797,45
1244140780008,61.47933,23.82684,46
1244140780008,61.47969,23.82106,47
1244140780008,61.48013,23.81595,48
1244140780008,61.48023,23.81288,49
1244140780008,61.48046,23.81126,50
1244140780008,61.48012,23.81078,51
1244140780008,61.48015,23.81017,52
1244140780008,61.48004,23.80646,53
1244140780008,61.47998,23.80426,54
1244140780008,61.47995,23.80207,55
1244140780008,61.47994,23.80040,56
1244140780008,61.47986,23.79792,57
1244140780008,61.48160,23.79784,58
1244140780008,61.48193,23.79774,59
1244140780008,61.48338,23.79775,60
1244140780008,61.48386,23.79825,61
1244140780008,61.48394,23.79853,62
1244140780008,61.48440,23.79893,63
1244140780008,61.48536,23.79584,64
1244140780008,61.48549,23.79530,65
1244140780008,61.48743,23.78954,66
1244140780008,61.48766,23.78888,67
1244140780008,61.48838,23.78582,68
1244140780008,61.48880,23.78580,69
1244140780008,61.48889,23.78593,70
1244140780008,61.48980,23.78609,71
1244140780008,61.49114,23.78627,72
1244140780008,61.49119,23.78527,73
1244140780008,61.49117,23.78478,74
1244140780008,61.49110,23.78433,75
1244140780008,61.49038,23.78323,76
1244140780008,61.49025,23.78276,77
1244140780008,61.49021,23.78235,78
1244140780008,61.49027,23.78130,79
1244140780008,61.49047,23.77989,80
1244140780008,61.49090,23.77921,81
1244140780008,61.49102,23.77876,82
1244140780008,61.49126,23.77650,83
1244140780008,61.49124,23.77549,84
1244140780008,61.49110,23.77386,85
1244140780008,61.49115,23.77328,86
1244140780008,61.49135,23.77266,87
1244140780008,61.49199,23.77111,88
1244140780008,61.49309,23.77071,89
1244140780008,61.49371,23.77042,90
1244140780008,61.49436,23.77010,91
1244140780008,61.49495,23.76968,92
1244140780008,61.49546,23.76902,93
1244140780008,61.49634,23.76791,94
1244140780008,61.49663,23.76747,95
1244140780008,61.49701,23.76681,96
1244140780008,61.49736,23.76625,97
1244140780008,61.49767,23.76568,98
1244140780008,61.49787,23.76530,99
1244140780008,61.49803,23.76491,100
1244140780008,61.49797,23.76397,101
1244140780008,61.49782,23.76217,102
1244140780008,61.49776,23.76131,103
1244140780008,61.49773,23.76102,104
1244140780008,61.49771,23.76089,105
1244140780008,61.49766,23.76086,106
1244140780008,61.49755,23.76088,107
1244140780008,61.49746,23.76097,108
1244140780008,61.49745,23.76121,109
1244140780008,61.49744,23.76153,110
1109252185425,61.55508,23.93543,1
1109252185425,61.55469,23.93057,2
1109252185425,61.55430,23.92737,3
1109252185425,61.55276,23.91740,4
1109252185425,61.55126,23.91053,5
1109252185425,61.54781,23.90447,6
1109252185425,61.54530,23.89125,7
1109252185425,61.54359,23.88453,8
1109252185425,61.54217,23.87767,9
1109252185425,61.54124,23.86860,10
1109252185425,61.53844,23.85439,11
1109252185425,61.53617,23.84051,12
1109252185425,61.53836,23.85463,13
1109252185425,61.54252,23.86567,14
1109252185425,61.56371,23.82688,15
1109252185425,61.55508,23.93543,1
1109252185425,61.55469,23.93057,2
1109252185425,61.55430,23.92737,3
1109252185425,61.55276,23.91740,4
1109252185425,61.55126,23.91053,5
1109252185425,61.54781,23.90447,6
1109252185425,61.54530,23.89125,7
1109252185425,61.54359,23.88453,8
1109252185425,61.54217,23.87767,9
1109252185425,61.54124,23.86860,10
1109252185425,61.53844,23.85439,11
1109252185425,61.53617,23.84051,12
1109252185425,61.53836,23.85463,13
1109252185425,61.54252,23.86567,14
1109252185425,61.56371,23.82688,15
1268137357097,61.44973,23.85419,1
1268137357097,61.45004,23.85404,2
1268137357097,61.45042,23.85374,3
1268137357097,61.45202,23.85210,4
1268137357097,61.45220,23.85206,5
1268137357097,61.45273,23.85133,6
1268137357097,61.45340,23.85033,7
1268137357097,61.45401,23.84932,8
1268137357097,61.45425,23.84909,9
1268137357097,61.45449,23.84868,10
1268137357097,61.45496,23.84828,11
1268137357097,61.45701,23.84741,12
1268137357097,61.45745,23.84729,13
1268137357097,61.45844,23.84695,14
1268137357097,61.45922,23.84659,15
1268137357097,61.46142,23.84512,16
1268137357097,61.46292,23.84402,17
1268137357097,61.46451,23.84289,18
1268137357097,61.46441,23.84178,19
1268137357097,61.46439,23.84146,20
1268137357097,61.46444,23.84112,21
1268137357097,61.46459,23.84075,22
1268137357097,61.46485,23.84062,23
1268137357097,61.46553,23.84035,24
1268137357097,61.46569,23.84020,25
1268137357097,61.46580,23.84001,26
1268137357097,61.46596,23.83954,27
1268137357097,61.46602,23.83896,28
1268137357097,61.46615,23.83845,29
1268137357097,61.46742,23.83563,30
1268137357097,61.46759,23.83385,31
1268137357097,61.46762,23.83218,32
1268137357097,61.46761,23.83021,33
1268137357097,61.46739,23.82802,34
1268137357097,61.46736,23.82706,35
1268137357097,61.46723,23.82654,36
1268137357097,61.46701,23.82447,37
1268137357097,61.46636,23.82247,38
1268137357097,61.46621,23.82163,39
1268137357097,61.46598,23.82093,40
1268137357097,61.46627,23.82059,41
1268137357097,61.46785,23.81757,42
1268137357097,61.46831,23.81693,43
1268137357097,61.46880,23.81675,44
1268137357097,61.46930,23.81696,45
1268137357097,61.47118,23.81890,46
1268137357097,61.47150,23.81963,47
1268137357097,61.47210,23.82011,48
1268137357097,61.47288,23.82018,49
1268137357097,61.47319,23.82009,50
1268137357097,61.47323,23.81934,51
1268137357097,61.47315,23.81847,52
1268137357097,61.47312,23.81575,53
1268137357097,61.47314,23.81446,54
1268137357097,61.47334,23.81247,55
1268137357097,61.47334,23.81106,56
1268137357097,61.47307,23.80718,57
1268137357097,61.47299,23.80617,58
1268137357097,61.47300,23.80530,59
1268137357097,61.47283,23.80356,60
1268137357097,61.47269,23.80257,61
1268137357097,61.47234,23.80073,62
1268137357097,61.47232,23.79994,63
1268137357097,61.47227,23.79921,64
1268137357097,61.47231,23.79861,65
1268137357097,61.47246,23.79763,66
1268137357097,61.47255,23.79724,67
1268137357097,61.47274,23.79656,68
1268137357097,61.47288,23.79615,69
1268137357097,61.47301,23.79585,70
1268137357097,61.47317,23.79536,71
1268137357097,61.47359,23.79446,72
1268137357097,61.47385,23.79393,73
1268137357097,61.47412,23.79338,74
1268137357097,61.47429,23.79297,75
1268137357097,61.47443,23.79254,76
1268137357097,61.47458,23.79203,77
1268137357097,61.47469,23.79143,78
1268137357097,61.47475,23.79098,79
1268137357097,61.47480,23.79051,80
1268137357097,61.47484,23.78996,81
1268137357097,61.47486,23.78910,82
1268137357097,61.47489,23.78782,83
1268137357097,61.47493,23.78643,84
1268137357097,61.47495,23.78544,85
1268137357097,61.47500,23.78499,86
1268137357097,61.47502,23.78446,87
1268137357097,61.47504,23.78399,88
1268137357097,61.47508,23.78351,89
1268137357097,61.47511,23.78311,90
1268137357097,61.47516,23.78270,91
1268137357097,61.47524,23.78182,92
1268137357097,61.47529,23.78118,93
1268137357097,61.47539,23.78015,94
1268137357097,61.47556,23.77859,95
1268137357097,61.47567,23.77770,96
1268137357097,61.47575,23.77699,97
1268137357097,61.47579,23.77647,98
1268137357097,61.47587,23.77511,99
1268137357097,61.47595,23.77374,100
1268137357097,61.47601,23.77282,101
1268137357097,61.47614,23.77207,102
1268137357097,61.47616,23.77104,103
1268137357097,61.47633,23.76989,104
1268137357097,61.47656,23.76847,105
1268137357097,61.47668,23.76807,106
1268137357097,61.47684,23.76708,107
1268137357097,61.47690,23.76651,108
1268137357097,61.47697,23.76580,109
1268137357097,61.47699,23.76537,110
1268137357097,61.47696,23.76475,111
1268137357097,61.47694,23.76415,112
1268137357097,61.47692,23.76390,113
1268137357097,61.47687,23.76381,114
1268137357097,61.47680,23.76377,115
1268137357097,61.47642,23.76385,116
1268137357097,61.47587,23.76404,117
1268137357097,61.47542,23.76410,118
1268137357097,61.47522,23.76407,119
1268137357097,61.47471,23.76413,120
1268137357097,61.47428,23.76392,121
1268137357097,61.47409,23.76329,122
1268137357097,61.47381,23.76170,123
1268137357097,61.47365,23.76121,124
1268137357097,61.47351,23.76042,125
1268137357097,61.47347,23.75963,126
1268137357097,61.47324,23.75930,127
1268137357097,61.47237,23.75700,128
1268137357097,61.47155,23.75547,129
1268137357097,61.47141,23.75500,130
1268137357097,61.47103,23.75446,131
1268137357097,61.47036,23.75230,132
1268137357097,61.47007,23.75077,133
1268137357097,61.47008,23.74994,134
1268137357097,61.47005,23.74970,135
1268137357097,61.47001,23.74861,136
1268137357097,61.47006,23.74810,137
1268137357097,61.47012,23.74673,138
1268137357097,61.47022,23.74503,139
1268137357097,61.47028,23.74407,140
1268137357097,61.47032,23.74321,141
1268137357097,61.47030,23.74236,142
1268137357097,61.47017,23.74062,143
1268137357097,61.47013,23.74043,144
1268137357097,61.47023,23.73908,145
1268137357097,61.47045,23.73707,146
1268137357097,61.47059,23.73242,147
1268137357097,61.47073,23.72791,148
1268137357097,61.47073,23.72570,149
1268137357097,61.47068,23.72478,150
1268137357097,61.47060,23.72360,151
1268137357097,61.47053,23.72264,152
1268137357097,61.47052,23.72212,153
1268137357097,61.47046,23.72174,154
1268137357097,61.47028,23.72111,155
1268137357097,61.47018,23.72107,156
1268137357097,61.46990,23.72068,157
1268137357097,61.47003,23.71998,158
1268137357097,61.47019,23.71895,159
1268137357097,61.47023,23.71831,160
1268137357097,61.47027,23.71760,161
1268137357097,61.47019,23.71619,162
1268137357097,61.47008,23.71430,163
1268137357097,61.46994,23.71173,164
1268137357097,61.46989,23.71001,165
1268137357097,61.46998,23.70955,166
1268137357097,61.46989,23.70820,167
1268137357097,61.46989,23.70734,168
1268137357097,61.46995,23.70622,169
1268137357097,61.47018,23.70323,170
1268137357097,61.47054,23.69944,171
1268137357097,61.47065,23.69816,172
1268137357097,61.47076,23.69763,173
1268137357097,61.47072,23.69628,174
1268137357097,61.47069,23.69437,175
1268137357097,61.47057,23.69302,176
1268137357097,61.47049,23.69212,177
1268137357097,61.47034,23.69102,178
1268137357097,61.47016,23.68993,179
1268137357097,61.46997,23.68813,180
1268137357097,61.46986,23.68729,181
1268137357097,61.46959,23.68566,182
1268137357097,61.46926,23.68315,183
1268137357097,61.46922,23.68257,184
1268137357097,61.46911,23.68216,185
1268137357097,61.46894,23.68128,186
1268137357097,61.46882,23.68013,187
1268137357097,61.46867,23.67905,188
1268137357097,61.46853,23.67788,189
1268137357097,61.46848,23.67657,190
1268137357097,61.46847,23.67496,191
1268137357097,61.46852,23.67361,192
1268137357097,61.46864,23.67265,193
1268137357097,61.46875,23.67139,194
1268137357097,61.46882,23.66920,195
1268137357097,61.46887,23.66858,196
1268137357097,61.46878,23.66715,197
1268137357097,61.46858,23.66584,198
1268137357097,61.46783,23.66020,199
1268137357097,61.46742,23.65721,200
1268137357097,61.46733,23.65608,201
1268137357097,61.46720,23.65576,202
1268137357097,61.46691,23.65314,203
1268137357097,61.46667,23.64990,204
1268137357097,61.46665,23.64821,205
1268137357097,61.46692,23.64168,206
1268137357097,61.46673,23.64161,207
1268137357097,61.46638,23.64146,208
1268137357097,61.46604,23.64152,209
1268137357097,61.46539,23.64136,210
1268137357097,61.46554,23.64224,211
1268137357097,61.46557,23.64305,212
1268137357097,61.46576,23.64453,213
1268137357097,61.46593,23.64644,214
1268137357097,61.46594,23.64726,215
1268137357097,61.46602,23.64857,216
1268137357097,61.46613,23.65015,217
1268137357097,61.46630,23.65097,218
1268137357097,61.46653,23.65136,219
1268137357097,61.46665,23.65132,220
1268137357097,61.46679,23.65312,221
1268137357097,61.46697,23.65419,222
1268137357097,61.46718,23.65558,223
1268137357097,61.46727,23.65625,224
1268137357097,61.46733,23.65734,225
1268137357097,61.46689,23.65755,226
1268137357097,61.46655,23.65772,227
1268137357097,61.46632,23.65814,228
1268137357097,61.46605,23.65898,229
1268137357097,61.46576,23.65989,230
1268137357097,61.46556,23.66011,231
1268137357097,61.46533,23.66038,232
1268137357097,61.46499,23.66072,233
1268137357097,61.46477,23.66117,234
1268137357097,61.46452,23.66210,235
1268137357097,61.46441,23.66270,236
1268137357097,61.46440,23.66382,237
1268137357097,61.46424,23.66497,238
1268137357097,61.46400,23.66555,239
1268137357097,61.46336,23.66672,240
1268137357097,61.46291,23.66742,241
1268137357097,61.46272,23.66789,242
1268137357097,61.46244,23.66879,243
1268137357097,61.46211,23.67030,244
1268137357097,61.46188,23.67111,245
1268137357097,61.46156,23.67179,246
1268137357097,61.46129,23.67213,247
1268137357097,61.46037,23.67302,248
1268137357097,61.45988,23.67377,249
1268137357097,61.45984,23.67389,250
1268137357097,61.45905,23.67521,251
1268137357097,61.45867,23.67605,252
1268137357097,61.45836,23.67692,253
1268137357097,61.45810,23.67810,254
1268137357097,61.45796,23.67889,255
1268137357097,61.45788,23.67974,256
1268137357097,61.45779,23.68165,257
1268137357097,61.45753,23.68312,258
1268137357097,61.45689,23.68483,259
1268137357097,61.45564,23.68801,260
1268137357097,61.45520,23.68952,261
1268137357097,61.45365,23.69458,262
1268137357097,61.45350,23.69488,263
1228146007035,61.47669,23.97770,1
1228146007035,61.47694,23.97732,2
1228146007035,61.47713,23.97697,3
1228146007035,61.47754,23.97680,4
1228146007035,61.47781,23.97668,5
1228146007035,61.47785,23.97657,6
1228146007035,61.47786,23.97638,7
1228146007035,61.47783,23.97580,8
1228146007035,61.47785,23.97548,9
1228146007035,61.47789,23.97490,10
1228146007035,61.47796,23.97453,11
1228146007035,61.47818,23.97400,12
1228146007035,61.47843,23.97346,13
1228146007035,61.47867,23.97293,14
1228146007035,61.47890,23.97244,15
1228146007035,61.47907,23.97233,16
1228146007035,61.47934,23.97216,17
1228146007035,61.47963,23.97188,18
1228146007035,61.48040,23.97047,19
1228146007035,61.48077,23.96976,20
1228146007035,61.48093,23.96955,21
1228146007035,61.48109,23.96944,22
1228146007035,61.48125,23.96929,23
1228146007035,61.48136,23.96919,24
1228146007035,61.48138,23.96914,25
1228146007035,61.48136,23.96886,26
1228146007035,61.48121,23.96801,27
1228146007035,61.48108,23.96698,28
1228146007035,61.48097,23.96612,29
1228146007035,61.48086,23.96540,30
1228146007035,61.48082,23.96505,31
1228146007035,61.48078,23.96480,32
1228146007035,61.48067,23.96445,33
1228146007035,61.48043,23.96392,34
1228146007035,61.48013,23.96327,35
1228146007035,61.47993,23.96283,36
1228146007035,61.47984,23.96235,37
1228146007035,61.47971,23.96137,38
1228146007035,61.47964,23.96096,39
1228146007035,61.47960,23.95998,40
1228146007035,61.47952,23.95887,41
1228146007035,61.47948,23.95809,42
1228146007035,61.47935,23.95681,43
1228146007035,61.47922,23.95608,44
1228146007035,61.47884,23.95465,45
1228146007035,61.47860,23.95364,46
1228146007035,61.47818,23.95242,47
1228146007035,61.47785,23.95190,48
1228146007035,61.47749,23.95130,49
1228146007035,61.47727,23.95072,50
1228146007035,61.47700,23.95006,51
1228146007035,61.47682,23.94950,52
1228146007035,61.47668,23.94884,53
1228146007035,61.47655,23.94803,54
1228146007035,61.47642,23.94753,55
1228146007035,61.47635,23.94689,56
1228146007035,61.47640,23.94665,57
1228146007035,61.47652,23.94603,58
1228146007035,61.47649,23.94616,59
1228146007035,61.47655,23.94593,60
1228146007035,61.47667,23.94574,61
1228146007035,61.47698,23.94527,62
1228146007035,61.47768,23.94445,63
1228146007035,61.47871,23.94272,64
1228146007035,61.47953,23.94161,65
1228146007035,61.47990,23.94120,66
1228146007035,61.48024,23.94058,67
1228146007035,61.48077,23.93977,68
1228146007035,61.48125,23.93906,69
1228146007035,61.48149,23.93862,70
1228146007035,61.48167,23.93840,71
1228146007035,61.48199,23.93770,72
1228146007035,61.48221,23.93718,73
1228146007035,61.48230,23.93710,74
1228146007035,61.48263,23.93603,75
1228146007035,61.48302,23.93494,76
1228146007035,61.48335,23.93425,77
1228146007035,61.48361,23.93351,78
1228146007035,61.48375,23.93295,79
1228146007035,61.48389,23.93175,80
1228146007035,61.48405,23.93062,81
1228146007035,61.48414,23.92997,82
1228146007035,61.48418,23.92944,83
1228146007035,61.48421,23.92925,84
1228146007035,61.48438,23.92912,85
1228146007035,61.48462,23.92910,86
1228146007035,61.48643,23.92850,87
1228146007035,61.48687,23.92868,88
1228146007035,61.48726,23.92851,89
1228146007035,61.48778,23.92840,90
1228146007035,61.48841,23.92763,91
1228146007035,61.48869,23.92705,92
1228146007035,61.48917,23.92562,93
1228146007035,61.49026,23.92316,94
1228146007035,61.49063,23.92233,95
1228146007035,61.49080,23.92210,96
1228146007035,61.49095,23.92162,97
1228146007035,61.49220,23.91891,98
1228146007035,61.49246,23.91851,99
1228146007035,61.49278,23.91763,100
1228146007035,61.49348,23.91592,101
1228146007035,61.49360,23.91586,102
1228146007035,61.49393,23.91521,103
1228146007035,61.49392,23.91507,104
1228146007035,61.49365,23.91393,105
1228146007035,61.49359,23.91384,106
1228146007035,61.49342,23.91275,107
1228146007035,61.49321,23.91172,108
1228146007035,61.49313,23.91018,109
1228146007035,61.49313,23.90843,110
1228146007035,61.49319,23.90736,111
1228146007035,61.49315,23.90661,112
1228146007035,61.49336,23.90357,113
1228146007035,61.49344,23.90306,114
1228146007035,61.49388,23.90107,115
1228146007035,61.49398,23.90079,116
1228146007035,61.49456,23.89936,117
1228146007035,61.49477,23.89889,118
1228146007035,61.49492,23.89821,119
1228146007035,61.49519,23.89740,120
1228146007035,61.49572,23.89491,121
1228146007035,61.49602,23.89432,122
1228146007035,61.49623,23.89378,123
1228146007035,61.49641,23.89276,124
1228146007035,61.49645,23.89222,125
1228146007035,61.49635,23.89150,126
1228146007035,61.49637,23.89139,127
1228146007035,61.49637,23.89126,128
1228146007035,61.49636,23.89119,129
1228146007035,61.49633,23.89113,130
1228146007035,61.49629,23.89105,131
1228146007035,61.49614,23.89053,132
1228146007035,61.49608,23.89021,133
1228146007035,61.49605,23.88991,134
1228146007035,61.49607,23.88963,135
1228146007035,61.49609,23.88935,136
1228146007035,61.49615,23.88903,137
1228146007035,61.49626,23.88860,138
1228146007035,61.49633,23.88835,139
1228146007035,61.49638,23.88784,140
1228146007035,61.49666,23.88613,141
1228146007035,61.49675,23.88459,142
1228146007035,61.49671,23.88441,143
1228146007035,61.49683,23.88298,144
1228146007035,61.49691,23.88223,145
1228146007035,61.49709,23.88148,146
1228146007035,61.49897,23.87717,147
1228146007035,61.49937,23.87655,148
1228146007035,61.49961,23.87655,149
1228146007035,61.50006,23.87686,150
1228146007035,61.50035,23.87562,151
1228146007035,61.50041,23.87497,152
1228146007035,61.50159,23.86869,153
1228146007035,61.50192,23.86743,154
1228146007035,61.50278,23.86470,155
1228146007035,61.50314,23.86331,156
1228146007035,61.50341,23.86198,157
1228146007035,61.50353,23.86027,158
1228146007035,61.50374,23.85687,159
1228146007035,61.50408,23.85411,160
1228146007035,61.50472,23.85078,161
1228146007035,61.50511,23.84813,162
1228146007035,61.50559,23.84445,163
1228146007035,61.50582,23.84018,164
1228146007035,61.50592,23.83753,165
1228146007035,61.50584,23.83438,166
1228146007035,61.50573,23.83312,167
1228146007035,61.50559,23.83203,168
1228146007035,61.50474,23.82512,169
1228146007035,61.50473,23.82462,170
1228146007035,61.50460,23.82413,171
1228146007035,61.50346,23.81578,172
1228146007035,61.50306,23.81300,173
1228146007035,61.50304,23.81259,174
1228146007035,61.50290,23.81178,175
1228146007035,61.50249,23.80857,176
1228146007035,61.50243,23.80621,177
1228146007035,61.50227,23.80442,178
1228146007035,61.50193,23.80155,179
1228146007035,61.50160,23.79975,180
1228146007035,61.50091,23.79581,181
1228146007035,61.50046,23.79353,182
1228146007035,61.50040,23.79294,183
1228146007035,61.50012,23.79173,184
1228146007035,61.49931,23.78850,185
1228146007035,61.49920,23.78786,186
1228146007035,61.49911,23.78721,187
1228146007035,61.49907,23.78634,188
1228146007035,61.49903,23.78465,189
1228146007035,61.49902,23.78189,190
1228146007035,61.49906,23.78114,191
1228146007035,61.49895,23.77972,192
1228146007035,61.49889,23.77683,193
1228146007035,61.49888,23.77264,194
1228146007035,61.49851,23.77133,195
1228146007035,61.49851,23.77059,196
1228146007035,61.49826,23.76759,197
1228146007035,61.49816,23.76592,198
1228146007035,61.49811,23.76532,199
1228146007035,61.49806,23.76491,200
1228146007035,61.49798,23.76483,201
1228146007035,61.49790,23.76491,202
1228146007035,61.49775,23.76532,203
1228146007035,61.49733,23.76612,204
1228146007035,61.49703,23.76672,205
1228146007035,61.49664,23.76738,206
1228146007035,61.49611,23.76810,207
1228146007035,61.49558,23.76878,208
1228146007035,61.49505,23.76929,209
1228146007035,61.49438,23.76987,210
1228146007035,61.49360,23.77029,211
1228146007035,61.49311,23.77065,212
1228146007035,61.49201,23.77096,213
1228146007035,61.48970,23.77124,214
1228146007035,61.48914,23.77096,215
1228146007035,61.48815,23.76998,216
1228146007035,61.48800,23.76949,217
1228146007035,61.48781,23.76947,218
1228146007035,61.48724,23.76859,219
1228146007035,61.48691,23.76781,220
1228146007035,61.48595,23.76477,221
1228146007035,61.48537,23.76341,222
1228146007035,61.48485,23.76274,223
1228146007035,61.48446,23.76246,224
1228146007035,61.48413,23.76229,225
1228146007035,61.48355,23.76224,226
1228146007035,61.48301,23.76243,227
1228146007035,61.48275,23.76266,228
1228146007035,61.48221,23.76294,229
1228146007035,61.48083,23.76309,230
1228146007035,61.48051,23.76292,231
1228146007035,61.48033,23.76315,232
1228146007035,61.47845,23.76339,233
1228146007035,61.47807,23.76358,234
1228146007035,61.47661,23.76376,235
1228146007035,61.47632,23.76389,236
1228146007035,61.47546,23.76405,237
1228146007035,61.47471,23.76413,238
1228146007035,61.47428,23.76392,239
1228146007035,61.47409,23.76329,240
1228146007035,61.47381,23.76170,241
1228146007035,61.47365,23.76121,242
1228146007035,61.47351,23.76042,243
1228146007035,61.47347,23.75963,244
1228146007035,61.47324,23.75930,245
1228146007035,61.47237,23.75700,246
1228146007035,61.47155,23.75547,247
1228146007035,61.47141,23.75500,248
1228146007035,61.47103,23.75446,249
1228146007035,61.47036,23.75230,250
1228146007035,61.47007,23.75077,251
1228146007035,61.47008,23.74994,252
1228146007035,61.47005,23.74970,253
1228146007035,61.47001,23.74861,254
1228146007035,61.47006,23.74810,255
1228146007035,61.47012,23.74673,256
1228146007035,61.47022,23.74503,257
1228146007035,61.47028,23.74407,258
1228146007035,61.47032,23.74321,259
1228146007035,61.47030,23.74236,260
1228146007035,61.47017,23.74062,261
1228146007035,61.47013,23.74043,262
1228146007035,61.47023,23.73908,263
1228146007035,61.47045,23.73707,264
1228146007035,61.47059,23.73242,265
1228146007035,61.47073,23.72791,266
1228146007035,61.47073,23.72570,267
1228146007035,61.47068,23.72478,268
1228146007035,61.47060,23.72360,269
1228146007035,61.47053,23.72264,270
1228146007035,61.47052,23.72212,271
1228146007035,61.47046,23.72174,272
1228146007035,61.47028,23.72111,273
1228146007035,61.47018,23.72107,274
1228146007035,61.46990,23.72068,275
1228146007035,61.47003,23.71998,276
1228146007035,61.47019,23.71895,277
1228146007035,61.47023,23.71831,278
1228146007035,61.47027,23.71760,279
1228146007035,61.47019,23.71619,280
1228146007035,61.47008,23.71430,281
1228146007035,61.46994,23.71173,282
1228146007035,61.46989,23.71001,283
1228146007035,61.46998,23.70955,284
1228146007035,61.46989,23.70820,285
1228146007035,61.46989,23.70734,286
1228146007035,61.46995,23.70622,287
1228146007035,61.47018,23.70323,288
1228146007035,61.47054,23.69944,289
1228146007035,61.47065,23.69816,290
1228146007035,61.47076,23.69763,291
1228146007035,61.47072,23.69628,292
1228146007035,61.47069,23.69437,293
1228146007035,61.47057,23.69302,294
1228146007035,61.47049,23.69212,295
1228146007035,61.47034,23.69102,296
1228146007035,61.47016,23.68993,297
1228146007035,61.46997,23.68813,298
1228146007035,61.46986,23.68729,299
1228146007035,61.46959,23.68566,300
1228146007035,61.46926,23.68315,301
1228146007035,61.46922,23.68257,302
1228146007035,61.46911,23.68216,303
1228146007035,61.46894,23.68128,304
1228146007035,61.46882,23.68013,305
1228146007035,61.46867,23.67905,306
1228146007035,61.46853,23.67788,307
1228146007035,61.46848,23.67657,308
1228146007035,61.46847,23.67496,309
1228146007035,61.46852,23.67361,310
1228146007035,61.46864,23.67265,311
1228146007035,61.46875,23.67139,312
1228146007035,61.46882,23.66920,313
1228146007035,61.46887,23.66858,314
1228146007035,61.46878,23.66715,315
1228146007035,61.46858,23.66584,316
1228146007035,61.46783,23.66020,317
1228146007035,61.46742,23.65721,318
1228146007035,61.46733,23.65608,319
1228146007035,61.46721,23.65576,320
1228146007035,61.46698,23.65404,321
1228146007035,61.46676,23.65132,322
1228146007035,61.46652,23.65131,323
1228146007035,61.46639,23.65116,324
1228146007035,61.46619,23.65050,325
1228146007035,61.46610,23.64981,326
1228146007035,61.46598,23.64801,327
1228146007035,61.46603,23.64749,328
1228146007035,61.46591,23.64617,329
1228146007035,61.46565,23.64355,330
1228146007035,61.46560,23.64245,331
1228146007035,61.46542,23.64132,332
1228146007035,61.46424,23.64079,333
1228146007035,61.46328,23.64026,334
1228146007035,61.46292,23.63998,335
1228146007035,61.46273,23.64002,336
1228146007035,61.46110,23.63929,337
1228146007035,61.45995,23.63889,338
1228146007035,61.45921,23.63916,339
1228146007035,61.45888,23.63945,340
1228146007035,61.45748,23.64149,341
1228146007035,61.45718,23.64174,342
1228146007035,61.45675,23.64191,343
1228146007035,61.45647,23.64189,344
1228146007035,61.45577,23.64156,345
1228146007035,61.45505,23.64110,346
1228146007035,61.45354,23.64056,347
1228146007035,61.45336,23.64045,348
1228146007035,61.45322,23.64011,349
1228146007035,61.45316,23.64002,350
1228146007035,61.45303,23.64002,351
1228146007035,61.45264,23.64010,352
1228146007035,61.45090,23.63984,353
1228146007035,61.45005,23.63951,354
1228146007035,61.44966,23.63935,355
1228146007035,61.44879,23.63872,356
1228146007035,61.44816,23.63809,357
1228146007035,61.44775,23.63757,358
1228146007035,61.44740,23.63711,359
1228146007035,61.44658,23.63588,360
1228146007035,61.44564,23.63469,361
1228146007035,61.44484,23.63376,362
1228146007035,61.44427,23.63328,363
1228146007035,61.44318,23.63254,364
1228146007035,61.44248,23.63223,365
1228146007035,61.44114,23.63182,366
1228146007035,61.43929,23.63122,367
1228146007035,61.43872,23.63108,368
1228146007035,61.43787,23.63069,369
1228146007035,61.43685,23.63011,370
1228146007035,61.43604,23.62944,371
1228146007035,61.43519,23.62868,372
1228146007035,61.43448,23.62804,373
1228146007035,61.43395,23.62737,374
1228146007035,61.43297,23.62611,375
1228146007035,61.43217,23.62492,376
1228146007035,61.43068,23.62162,377
1228146007035,61.43017,23.62035,378
1228146007035,61.42918,23.61757,379
1228146007035,61.42810,23.61535,380
1228146007035,61.42661,23.61324,381
1228146007035,61.42611,23.61287,382
1228146007035,61.42561,23.61248,383
1228146007035,61.42504,23.61232,384
1228146007035,61.42431,23.61242,385
1228146007035,61.42390,23.61261,386
1228146007035,61.42324,23.61313,387
1228146007035,61.42300,23.61319,388
1228146007035,61.42281,23.61304,389
1228146007035,61.42180,23.61110,390
1228146007035,61.42124,23.61077,391
1228146007035,61.42094,23.61087,392
1228146007035,61.42054,23.61108,393
1228146007035,61.42030,23.61127,394
1228146007035,61.42016,23.61146,395
1228146007035,61.42015,23.61182,396
1228146007035,61.42023,23.61212,397
1228146007035,61.42063,23.61395,398
1228146007035,61.42067,23.61443,399
1091136990001,61.45072,23.84939,1
1091136990001,61.45095,23.84903,2
1091136990001,61.45025,23.84613,3
1091136990001,61.44978,23.84397,4
1091136990001,61.44803,23.83493,5
1091136990001,61.44869,23.83393,6
1091136990001,61.44889,23.83354,7
1091136990001,61.44958,23.83158,8
1091136990001,61.44974,23.83126,9
1091136990001,61.44983,23.83199,10
1091136990001,61.45008,23.83250,11
1091136990001,61.45105,23.83667,12
1091136990001,61.45152,23.83883,13
1091136990001,61.45173,23.83965,14
1091136990001,61.45264,23.84357,15
1091136990001,61.45277,23.84430,16
1091136990001,61.45290,23.84467,17
1091136990001,61.45339,23.84686,18
1091136990001,61.45331,23.84714,19
1091136990001,61.45340,23.84737,20
1091136990001,61.45403,23.85001,21
1091136990001,61.45421,23.85021,22
1091136990001,61.45445,23.85018,23
1091136990001,61.45551,23.84965,24
1091136990001,61.45742,23.84890,25
1091136990001,61.45786,23.84890,26
1091136990001,61.45841,23.84862,27
1091136990001,61.45847,23.84852,28
1091136990001,61.45851,23.84802,29
1091136990001,61.45856,23.84697,30
1091136990001,61.45863,23.84678,31
1091136990001,61.45871,23.84665,32
1091136990001,61.45970,23.84614,33
1091136990001,61.46022,23.84583,34
1091136990001,61.46088,23.84540,35
1091136990001,61.46240,23.84438,36
1091136990001,61.46292,23.84402,37
1091136990001,61.46463,23.84292,38
1091136990001,61.46560,23.84249,39
1091136990001,61.46602,23.84220,40
1091136990001,61.46686,23.84186,41
1091136990001,61.46805,23.84146,42
1091136990001,61.46908,23.84108,43
1091136990001,61.46972,23.84084,44
1091136990001,61.47020,23.84059,45
1091136990001,61.47085,23.84027,46
1091136990001,61.47168,23.83974,47
1091136990001,61.47241,23.83919,48
1091136990001,61.47326,23.83847,49
1091136990001,61.47377,23.83800,50
1091136990001,61.47437,23.83740,51
1091136990001,61.47477,23.83700,52
1091136990001,61.47536,23.83632,53
1091136990001,61.47579,23.83574,54
1091136990001,61.47663,23.83463,55
1091136990001,61.47707,23.83404,56
1091136990001,61.47765,23.83329,57
1091136990001,61.47864,23.83208,58
1091136990001,61.47943,23.83122,59
1091136990001,61.47999,23.83099,60
1091136990001,61.48031,23.83042,61
1091136990001,61.48193,23.82912,62
1091136990001,61.48329,23.82832,63
1091136990001,61.48427,23.82858,64
1091136990001,61.48464,23.82873,65
1091136990001,61.48549,23.82884,66
1091136990001,61.48594,23.82898,67
1091136990001,61.48629,23.82893,68
1091136990001,61.48635,23.82872,69
1091136990001,61.48643,23.82647,70
1091136990001,61.48659,23.82515,71
1091136990001,61.48678,23.82451,72
1091136990001,61.48699,23.82393,73
1091136990001,61.48703,23.82331,74
1091136990001,61.48699,23.82292,75
1091136990001,61.48707,23.82260,76
1091136990001,61.48747,23.82184,77
1091136990001,61.48760,23.82107,78
1091136990001,61.48781,23.81985,79
1091136990001,61.48784,23.81880,80
1091136990001,61.48777,23.81760,81
1091136990001,61.48736,23.81559,82
1091136990001,61.48737,23.81426,83
1091136990001,61.48747,23.81214,84
1091136990001,61.48757,23.80883,85
1091136990001,61.48764,23.80731,86
1091136990001,61.48777,23.80626,87
1091136990001,61.48820,23.80357,88
1091136990001,61.48932,23.79946,89
1091136990001,61.48988,23.79761,90
1091136990001,61.49051,23.79523,91
1091136990001,61.49059,23.79446,92
1091136990001,61.49064,23.79320,93
1091136990001,61.49099,23.79203,94
1091136990001,61.49118,23.79169,95
1091136990001,61.49128,23.79051,96
1091136990001,61.49113,23.78617,97
1091136990001,61.49119,23.78527,98
1091136990001,61.49117,23.78478,99
1091136990001,61.49110,23.78433,100
1091136990001,61.49038,23.78323,101
1091136990001,61.49025,23.78276,102
1091136990001,61.49021,23.78235,103
1091136990001,61.49027,23.78130,104
1091136990001,61.49047,23.77989,105
1091136990001,61.49090,23.77921,106
1091136990001,61.49102,23.77876,107
1091136990001,61.49126,23.77650,108
1091136990001,61.49124,23.77549,109
1091136990001,61.49110,23.77386,110
1091136990001,61.49115,23.77328,111
1091136990001,61.49135,23.77266,112
1091136990001,61.49199,23.77111,113
1091136990001,61.49309,23.77071,114
1091136990001,61.49371,23.77042,115
1091136990001,61.49436,23.77010,116
1091136990001,61.49495,23.76968,117
1091136990001,61.49546,23.76902,118
1091136990001,61.49634,23.76791,119
1091136990001,61.49663,23.76747,120
1091136990001,61.49701,23.76681,121
1091136990001,61.49736,23.76625,122
1091136990001,61.49767,23.76568,123
1091136990001,61.49808,23.76480,124
1091136990001,61.49801,23.76446,125
1091136990001,61.49781,23.76176,126
1091136990001,61.49778,23.76063,127
1091136990001,61.49753,23.76097,128
1091136990001,61.49751,23.76151,129
1180136336025,61.44963,23.87146,1
1180136336025,61.44976,23.87093,2
1180136336025,61.45014,23.87039,3
1180136336025,61.44988,23.86949,4
1180136336025,61.44834,23.86271,5
1180136336025,61.44820,23.86203,6
1180136336025,61.44813,23.86183,7
1180136336025,61.44757,23.85939,8
1180136336025,61.44749,23.85878,9
1180136336025,61.44736,23.85842,10
1180136336025,61.44680,23.85593,11
1180136336025,61.44807,23.85441,12
1180136336025,61.44925,23.85416,13
1180136336025,61.44973,23.85419,14
1180136336025,61.45004,23.85404,15
1180136336025,61.45042,23.85374,16
1180136336025,61.45202,23.85210,17
1180136336025,61.45220,23.85206,18
1180136336025,61.45273,23.85133,19
1180136336025,61.45340,23.85033,20
1180136336025,61.45389,23.84956,21
1180136336025,61.45418,23.85027,22
1180136336025,61.45445,23.85018,23
1180136336025,61.45551,23.84965,24
1180136336025,61.45742,23.84890,25
1180136336025,61.45786,23.84890,26
1180136336025,61.45838,23.84860,27
1180136336025,61.45842,23.84959,28
1180136336025,61.45833,23.85139,29
1180136336025,61.45850,23.85295,30
1180136336025,61.45881,23.85297,31
1180136336025,61.45884,23.85299,32
1180136336025,61.46088,23.85435,33
1180136336025,61.46171,23.85543,34
1180136336025,61.46240,23.85595,35
1180136336025,61.46283,23.85599,36
1180136336025,61.46349,23.85583,37
1180136336025,61.46423,23.85555,38
1180136336025,61.46488,23.85528,39
1180136336025,61.46541,23.85477,40
1180136336025,61.46665,23.85398,41
1180136336025,61.46728,23.85343,42
1180136336025,61.46780,23.85313,43
1180136336025,61.46820,23.85257,44
1180136336025,61.46898,23.85170,45
1180136336025,61.46994,23.85046,46
1180136336025,61.47190,23.84762,47
1180136336025,61.47238,23.84707,48
1180136336025,61.47291,23.84660,49
1180136336025,61.47361,23.84641,50
1180136336025,61.47411,23.84646,51
1180136336025,61.47551,23.84718,52
1180136336025,61.47607,23.84763,53
1180136336025,61.47651,23.84765,54
1180136336025,61.47757,23.84819,55
1180136336025,61.47857,23.84843,56
1180136336025,61.48003,23.84885,57
1180136336025,61.48180,23.84997,58
1180136336025,61.48217,23.84995,59
1180136336025,61.48249,23.84968,60
1180136336025,61.48275,23.84929,61
1180136336025,61.48334,23.84792,62
1180136336025,61.48351,23.84761,63
1180136336025,61.48387,23.84729,64
1180136336025,61.48402,23.84720,65
1180136336025,61.48411,23.84722,66
1180136336025,61.48428,23.84731,67
1180136336025,61.48440,23.84737,68
1180136336025,61.48447,23.84731,69
1180136336025,61.48467,23.84648,70
1180136336025,61.48496,23.84554,71
1180136336025,61.48506,23.84468,72
1180136336025,61.48573,23.84224,73
1180136336025,61.48610,23.84041,74
1180136336025,61.48612,23.84034,75
1180136336025,61.48627,23.83957,76
1180136336025,61.48632,23.83854,77
1180136336025,61.48634,23.83726,78
1180136336025,61.48636,23.83255,79
1180136336025,61.48642,23.83155,80
1180136336025,61.48642,23.83101,81
1180136336025,61.48640,23.82889,82
1180136336025,61.48643,23.82660,83
1180136336025,61.48653,23.82579,84
1180136336025,61.48665,23.82519,85
1180136336025,61.48673,23.82498,86
1180136336025,61.48681,23.82466,87
1180136336025,61.48728,23.82335,88
1180136336025,61.48757,23.82271,89
1180136336025,61.48822,23.82148,90
1180136336025,61.48856,23.82075,91
1180136336025,61.48890,23.81996,92
1180136336025,61.48926,23.81875,93
1180136336025,61.49031,23.81460,94
1180136336025,61.49110,23.81153,95
1180136336025,61.49148,23.81029,96
1180136336025,61.49157,23.80964,97
1180136336025,61.49240,23.80706,98
1180136336025,61.49279,23.80580,99
1180136336025,61.49294,23.80555,100
1180136336025,61.49298,23.80527,101
1180136336025,61.49366,23.80318,102
1180136336025,61.49407,23.80151,103
1180136336025,61.49418,23.80117,104
1180136336025,61.49427,23.80070,105
1180136336025,61.49476,23.79830,106
1180136336025,61.49497,23.79651,107
1180136336025,61.49510,23.79461,108
1180136336025,61.49516,23.79369,109
1180136336025,61.49511,23.79326,110
1180136336025,61.49512,23.79268,111
1180136336025,61.49531,23.78588,112
1180136336025,61.49536,23.78429,113
1180136336025,61.49509,23.78153,114
1180136336025,61.49509,23.78095,115
1180136336025,61.49495,23.77984,116
1180136336025,61.49645,23.77977,117
1180136336025,61.49659,23.77986,118
1180136336025,61.49695,23.77975,119
1180136336025,61.49827,23.77974,120
1180136336025,61.49894,23.77972,121
1180136336025,61.49896,23.77735,122
1180136336025,61.49890,23.77675,123
1180136336025,61.49890,23.77346,124
1180136336025,61.49885,23.77251,125
1180136336025,61.49854,23.77144,126
1180136336025,61.49851,23.77059,127
1180136336025,61.49844,23.77022,128
1180136336025,61.49826,23.76748,129
1180136336025,61.49811,23.76583,130
1180136336025,61.49811,23.76506,131
1180136336025,61.49802,23.76436,132
1180136336025,61.49767,23.75924,133
1180136336025,61.49757,23.75827,134
1180136336025,61.49743,23.75598,135
1180136336025,61.49723,23.75329,136
1180136336025,61.49714,23.75239,137
1180136336025,61.49714,23.75203,138
1180136336025,61.49718,23.75187,139
1180136336025,61.49728,23.75177,140
1180136336025,61.49740,23.75168,141
1180136336025,61.49751,23.75158,142
1180136336025,61.49759,23.75141,143
1180136336025,61.49765,23.75120,144
1180136336025,61.49768,23.75090,145
1180136336025,61.49766,23.75021,146
1180136336025,61.49754,23.74886,147
1180136336025,61.49772,23.74615,148
1180136336025,61.49781,23.74345,149
1180136336025,61.49791,23.74247,150
1180136336025,61.49791,23.74196,151
1180136336025,61.49802,23.74086,152
1180136336025,61.49822,23.73854,153
1180136336025,61.49821,23.73836,154
1180136336025,61.49848,23.73578,155
1180136336025,61.49855,23.73550,156
1180136336025,61.49865,23.73482,157
1180136336025,61.49869,23.73371,158
1180136336025,61.49863,23.73342,159
1180136336025,61.49862,23.72919,160
1180136336025,61.49872,23.72823,161
1180136336025,61.49882,23.72782,162
1180136336025,61.49886,23.72727,163
1180136336025,61.49930,23.72599,164
1180136336025,61.50075,23.72363,165
1180136336025,61.50146,23.72214,166
1180136336025,61.50193,23.72107,167
1180136336025,61.50207,23.72088,168
1180136336025,61.50221,23.72024,169
1180136336025,61.50263,23.71885,170
1180136336025,61.50363,23.71666,171
1180136336025,61.50431,23.71442,172
1180136336025,61.50441,23.71423,173
1180136336025,61.50460,23.71310,174
1180136336025,61.50501,23.71009,175
1180136336025,61.50511,23.70958,176
1180136336025,61.50524,23.70830,177
1180136336025,61.50586,23.70543,178
1180136336025,61.50602,23.70420,179
1180136336025,61.50622,23.69984,180
1180136336025,61.50629,23.69937,181
1180136336025,61.50632,23.69828,182
1180136336025,61.50727,23.69294,183
1180136336025,61.50738,23.69134,184
1180136336025,61.50745,23.69042,185
1180136336025,61.50839,23.68776,186
1180136336025,61.50860,23.68628,187
1180136336025,61.50870,23.68160,188
1180136336025,61.50872,23.67724,189
1180136336025,61.50865,23.67548,190
1180136336025,61.50849,23.67343,191
1180136336025,61.50828,23.67088,192
1180136336025,61.50792,23.66773,193
1180136336025,61.50764,23.66531,194
1180136336025,61.50748,23.66433,195
1180136336025,61.50739,23.66323,196
1180136336025,61.50722,23.66289,197
1180136336025,61.50629,23.66254,198
1180136336025,61.50528,23.66186,199
1180136336025,61.50465,23.66098,200
1180136336025,61.50412,23.66026,201
1180136336025,61.50296,23.65811,202
1180136336025,61.50247,23.65682,203
1180136336025,61.50202,23.65542,204
1180136336025,61.50156,23.65358,205
1180136336025,61.50115,23.65129,206
1180136336025,61.50106,23.65015,207
1180136336025,61.50095,23.64955,208
1180136336025,61.50101,23.64936,209
1180136336025,61.50098,23.64880,210
1180136336025,61.50092,23.64818,211
1180136336025,61.50127,23.64722,212
1180136336025,61.50181,23.64423,213
1180136336025,61.50202,23.64278,214
1180136336025,61.50200,23.64178,215
1180136336025,61.50236,23.63643,216
1180136336025,61.50253,23.63534,217
1180136336025,61.50283,23.63464,218
1180136336025,61.50356,23.63316,219
1180136336025,61.50443,23.63163,220
1180136336025,61.50512,23.63042,221
1180136336025,61.50532,23.63027,222
1180136336025,61.50578,23.62948,223
1180136336025,61.50607,23.62895,224
1180136336025,61.50728,23.62764,225
1180136336025,61.50747,23.62754,226
1180136336025,61.50765,23.62724,227
1180136336025,61.50849,23.62616,228
1180136336025,61.50897,23.62536,229
1180136336025,61.50941,23.62444,230
1180136336025,61.50981,23.62529,231
1180136336025,61.50993,23.62582,232
1180136336025,61.51016,23.62627,233
1180136336025,61.51049,23.62737,234
1180136336025,61.51100,23.62898,235
1180136336025,61.51113,23.62951,236
1180136336025,61.51146,23.63037,237
1180136336025,61.51205,23.63158,238
1180136336025,61.51241,23.63210,239
1180136336025,61.51322,23.63279,240
1180136336025,61.51356,23.63282,241
1180136336025,61.51414,23.63281,242
1180136336025,61.51430,23.63255,243
1180136336025,61.51465,23.63228,244
1180136336025,61.51501,23.63171,245
1180136336025,61.51544,23.62955,246
1180136336025,61.51557,23.62928,247
1180136336025,61.51598,23.62888,248
1180136336025,61.51619,23.62854,249
1180136336025,61.51676,23.62797,250
1180136336025,61.51728,23.62753,251
1180136336025,61.51774,23.62698,252
1180136336025,61.51816,23.62657,253
1180136336025,61.51860,23.62602,254
1180136336025,61.51900,23.62569,255
1180136336025,61.51931,23.62576,256
1180136336025,61.51985,23.62613,257
1180136336025,61.52001,23.62632,258
1180136336025,61.52037,23.62678,259
1180136336025,61.52040,23.62577,260
1180136336025,61.52106,23.62578,261
1180136336025,61.52117,23.62585,262
1180136336025,61.52170,23.62577,263
1180136336025,61.52285,23.62591,264
1180136336025,61.52299,23.62594,265
1180136336025,61.52332,23.62590,266
1180136336025,61.52416,23.62597,267
1180136336025,61.52430,23.62612,268
1180136336025,61.52464,23.62527,269
1180136336025,61.52494,23.62470,270
1180136336025,61.52533,23.62389,271
1180136336025,61.52546,23.62366,272
1180136336025,61.52560,23.62338,273
1180136336025,61.52581,23.62283,274
1180136336025,61.52597,23.62237,275
1180136336025,61.52611,23.62188,276
1180136336025,61.52615,23.62164,277
1180136336025,61.52625,23.62104,278
1180136336025,61.52630,23.62051,279
1180136336025,61.52633,23.62013,280
1180136336025,61.52633,23.61978,281
1180136336025,61.52629,23.61946,282
1180136336025,61.52619,23.61869,283
1180136336025,61.52608,23.61861,284
1180136336025,61.52600,23.61845,285
1180136336025,61.52580,23.61772,286
1180136336025,61.52578,23.61736,287
1180136336025,61.52564,23.61704,288
1180136336025,61.52525,23.61543,289
1180136336025,61.52507,23.61451,290
1180136336025,61.52499,23.61429,291
1180136336025,61.52492,23.61371,292
1180136336025,61.52497,23.61342,293
1180136336025,61.52512,23.61306,294
1180136336025,61.52584,23.61165,295
1180136336025,61.52601,23.61123,296
1180136336025,61.52612,23.61087,297
1180136336025,61.52633,23.60991,298
1180136336025,61.52671,23.60820,299
1180136336025,61.52688,23.60776,300
1180136336025,61.52732,23.60712,301
1180136336025,61.52760,23.60670,302
1180136336025,61.52789,23.60608,303
1180136336025,61.52821,23.60545,304
1180136336025,61.52855,23.60479,305
1180136336025,61.52869,23.60449,306
1180136336025,61.52893,23.60401,307
1180136336025,61.52895,23.60388,308
1180136336025,61.52897,23.60319,309
1180136336025,61.52905,23.60164,310
1180136336025,61.52913,23.60121,311
1180136336025,61.52921,23.60108,312
1180136336025,61.52928,23.60038,313
1180136336025,61.52976,23.59831,314
1180136336025,61.52986,23.59772,315
1180136336025,61.52991,23.59744,316
1180136336025,61.52998,23.59721,317
1180136336025,61.53004,23.59716,318
1180136336025,61.53019,23.59727,319
1180136336025,61.53037,23.59727,320
1180136336025,61.53068,23.59745,321
1180136336025,61.53099,23.59790,322
1180136336025,61.53144,23.59855,323
1180136336025,61.53170,23.59896,324
1180136336025,61.53209,23.59963,325
1180136336025,61.53253,23.60043,326
1180136336025,61.53272,23.60071,327
1180136336025,61.53333,23.60153,328
1180136336025,61.53395,23.60230,329
1180136336025,61.53461,23.60296,330
1180136336025,61.53495,23.60335,331
1180136336025,61.53520,23.60343,332
1180136336025,61.53568,23.60368,333
1180136336025,61.53631,23.60384,334
1180136336025,61.53661,23.60386,335
1180136336025,61.53693,23.60384,336
1180136336025,61.53727,23.60374,337
1180136336025,61.53752,23.60373,338
1180136336025,61.53789,23.60345,339
1180136336025,61.53842,23.60310,340
1180136336025,61.53906,23.60264,341
1180136336025,61.53925,23.60249,342
1180136336025,61.53967,23.60232,343
1180136336025,61.53987,23.60228,344
1180136336025,61.54012,23.60201,345
1180136336025,61.54121,23.60132,346
1180136336025,61.54191,23.60078,347
1180136336025,61.54246,23.60042,348
1180136336025,61.54284,23.60015,349
1180136336025,61.54312,23.59992,350
1180136336025,61.54335,23.59973,351
1180136336025,61.54363,23.59937,352
1180136336025,61.54381,23.59912,353
1180136336025,61.54395,23.59888,354
1180136336025,61.54408,23.59867,355
1180136336025,61.54420,23.59833,356
1180136336025,61.54427,23.59804,357
1180136336025,61.54435,23.59746,358
1180136336025,61.54441,23.59699,359
1180136336025,61.54446,23.59658,360
1180136336025,61.54451,23.59624,361
1180136336025,61.54458,23.59588,362
1180136336025,61.54470,23.59528,363
1180136336025,61.54484,23.59477,364
1180136336025,61.54487,23.59463,365
1180136336025,61.54507,23.59414,366
1180136336025,61.54526,23.59373,367
1180136336025,61.54540,23.59346,368
1180136336025,61.54554,23.59323,369
1180136336025,61.54571,23.59302,370
1180136336025,61.54582,23.59291,371
1180136336025,61.54595,23.59281,372
1180136336025,61.54611,23.59283,373
1180136336025,61.54623,23.59255,374
1180136336025,61.54651,23.59237,375
1180136336025,61.54664,23.59235,376
1180136336025,61.54680,23.59237,377
1180136336025,61.54715,23.59255,378
1180136336025,61.54730,23.59268,379
1180136336025,61.54745,23.59287,380
1180136336025,61.54762,23.59311,381
1180136336025,61.54783,23.59345,382
1180136336025,61.54805,23.59378,383
1180136336025,61.54820,23.59403,384
1180136336025,61.54839,23.59434,385
1180136336025,61.54852,23.59455,386
1180136336025,61.54863,23.59472,387
1180136336025,61.54881,23.59509,388
1180136336025,61.54882,23.59524,389
1180136336025,61.54885,23.59532,390
1180136336025,61.54891,23.59537,391
1180136336025,61.54900,23.59533,392
1180136336025,61.54909,23.59541,393
1180136336025,61.54920,23.59550,394
1180136336025,61.54937,23.59567,395
1180136336025,61.54947,23.59580,396
1180136336025,61.54952,23.59593,397
1180136336025,61.54954,23.59602,398
1180136336025,61.54927,23.59713,399
1180136336025,61.54917,23.59764,400
1180136336025,61.54912,23.59793,401
1180136336025,61.54909,23.59817,402
1180136336025,61.54909,23.59838,403
1180136336025,61.54895,23.59836,404
